36,3
36,2
36,1
36,0
0,454
35,4
35,3
35,2
35,1
35,0
0,453
0,452
34,4
34,3
34,2
34,1
34,0
0,451
0,450
0,449
0,448
0,447
0,446
0,445
0,444
0,443
33,3
33,2
0,442
33,1
33,0
0,441
0,440
0,439
0,438
0,437
0,436
32,4
0,435
0,434
0,433
32,3
32,2
0,432
32,1
32,0
0,431
0,430
0,429
0,428
31,4
0,427
0,426
0,425
31,3
31,2
0,424
31,1
31,0
0,423
0,422
0,421
0,420
0,419
0,418
0,417
0,416
0,415
0,414
0,413
0,412
0,411
0,410
0,409
0,408
23,35
0,407
0,406
0,405
30,3
30,2
0,404
30,1
30,0
0,403
0,402
0,401
0,400
0,399
0,398
29,4
0,397
29,3
29,2
0,396
29,1
29,0
28,4
28,3
28,2
28,1
28,0
0,395
0,394
0,393
0,392
0,391
0,390
0,389
0,388
0,387
0,386
0,385
0,278
27,3
27,2
27,1
27,0
0,384
0,319
0,318
26,4
26,3
26,2
26,1
26,0
0,317
0,316
25,4
25,3
25,2
0,283
0,243
25,1
25,0
24,3
24,2
0,9
24,1
24,0
3,2
3,1
3,3
